0 Normalized Minifigure Y=0 at Highest Point
0 Name:  minifig.ldr
0 Author:  
0 CustomBrick
0 FlexibleBrickControlPointUnitLength -1
0 FlexibleBrickLockedControlPoint 
0 NumOfBricks:  24
1 14 0.000000 -12.000000 114.000000 1.000000 0.000000 0.000000 0.000000 0.000000 1.000000 0.000000 -1.000000 0.000000 3626cp01.dat
1 15 0.000000 -12.000000 58.000000 1.000000 0.000000 0.000000 0.000000 0.000000 1.000000 0.000000 -1.000000 0.000000 3815.dat
1 15 0.000000 -12.000000 46.000000 1.000000 0.000000 0.000000 0.000000 0.000000 1.000000 0.000000 -1.000000 0.000000 3816.dat
1 15 0.000000 -12.000000 46.000000 1.000000 0.000000 0.000000 0.000000 0.000000 1.000000 0.000000 -1.000000 0.000000 3817.dat
1 0 0.000000 -12.000000 90.000000 1.000000 0.000000 0.000000 0.000000 0.000000 1.000000 0.000000 -1.000000 0.000000 973.dat
1 15 16.000000 -12.000000 81.000000 0.985329 0.170671 0.000000 0.000000 0.000000 1.000000 0.170671 -0.985328 0.000000 3819.dat
1 15 -16.000000 -12.000000 81.000000 0.985497 -0.169703 0.000000 0.000000 0.000000 1.000000 -0.169703 -0.985496 0.000000 3818.dat
1 14 -24.000000 -22.000000 63.000000 0.991567 0.048984 0.119999 -0.120000 0.696851 0.707108 -0.048986 -0.715544 0.696851 3820.dat
1 14 24.000000 -22.000000 63.000000 0.991483 0.048980 -0.120682 0.051229 0.705250 0.707108 0.119744 -0.707267 0.696734 3820.dat
1 15 0.000000 -40.000000 -1.000000 -1.000000 0.000000 0.000000 0.000000 1.000000 0.000000 0.000000 0.000000 -1.000000 2431.dat
1 15 0.000000 -14.000000 16.000000 -1.000000 0.000000 0.000000 0.000000 0.000000 -1.000000 0.000000 -1.000000 0.000000 88646.dat
1 15 0.000000 -24.000000 -1.000000 -1.000000 0.000000 0.000000 0.000000 1.000000 0.000000 0.000000 0.000000 -1.000000 30414.dat
1 15 0.000000 -32.000000 -1.000000 1.000000 0.000000 0.000000 0.000000 1.000000 0.000000 0.000000 0.000000 1.000000 3710.dat
1 15 0.000000 -24.000000 -21.000000 1.000000 0.000000 0.000000 0.000000 1.000000 0.000000 0.000000 0.000000 1.000000 3010.dat
1 15 0.000000 0.000000 -21.000000 1.000000 0.000000 0.000000 0.000000 1.000000 0.000000 0.000000 0.000000 1.000000 3710.dat
1 15 0.000000 -32.000000 -21.000000 1.000000 0.000000 0.000000 0.000000 1.000000 0.000000 0.000000 0.000000 1.000000 3710.dat
1 15 0.000000 -40.000000 -21.000000 -1.000000 0.000000 0.000000 0.000000 1.000000 0.000000 0.000000 0.000000 -1.000000 2431.dat
1 15 -50.000000 0.000000 -11.000000 0.000000 0.000000 -1.000000 0.000000 1.000000 0.000000 1.000000 0.000000 0.000000 3069b.dat
1 15 50.000000 0.000000 -11.000000 0.000000 0.000000 1.000000 0.000000 1.000000 0.000000 -1.000000 0.000000 0.000000 3069b.dat
1 15 0.000000 8.000000 -21.000000 1.000000 0.000000 0.000000 0.000000 1.000000 0.000000 0.000000 0.000000 1.000000 3710.dat
1 15 -50.000000 8.000000 -1.000000 0.000000 0.000000 1.000000 0.000000 1.000000 0.000000 -1.000000 0.000000 0.000000 2420.dat
1 15 50.000000 8.000000 -1.000000 -1.000000 0.000000 0.000000 0.000000 1.000000 0.000000 0.000000 0.000000 -1.000000 2420.dat
1 15 0.000000 0.000000 -1.000000 1.000000 0.000000 0.000000 0.000000 1.000000 0.000000 0.000000 0.000000 1.000000 3023b.dat
1 15 0.000000 8.000000 -1.000000 1.000000 0.000000 0.000000 0.000000 1.000000 0.000000 0.000000 0.000000 1.000000 3023b.dat
