0 Normalized Minifigure Y=0 at Highest Point
0 Name:  minifig.ldr
0 Author:  
0 CustomBrick
0 FlexibleBrickControlPointUnitLength -1
0 FlexibleBrickLockedControlPoint 
1 14 0.000000 28.000000 114.000000 1.000000 0.000000 0.000000 0.000000 0.000000 1.000000 0.000000 -1.000000 0.000000 3626cp01.dat
1 15 0.000000 28.000000 58.000000 1.000000 0.000000 0.000000 0.000000 0.000000 1.000000 0.000000 -1.000000 0.000000 3815.dat
1 15 0.000000 28.000000 46.000000 1.000000 0.000000 0.000000 0.000000 0.000000 1.000000 0.000000 -1.000000 0.000000 3816.dat
1 15 0.000000 28.000000 46.000000 1.000000 0.000000 0.000000 0.000000 0.000000 1.000000 0.000000 -1.000000 0.000000 3817.dat
1 0 0.000000 28.000000 89.999980 1.000000 0.000000 0.000000 0.000000 0.000000 1.000000 0.000000 -1.000000 0.000000 973.dat
1 15 16.000000 28.000000 81.000000 0.985329 0.170671 0.000000 0.000000 0.000000 1.000000 0.170671 -0.985328 0.000000 3819.dat
1 15 -16.000000 28.000000 81.000000 0.985497 -0.169703 0.000000 0.000000 0.000000 1.000000 -0.169703 -0.985496 0.000000 3818.dat
1 14 -24.000000 18.000000 63.000000 0.991567 0.048984 0.119999 -0.120000 0.696851 0.707108 -0.048986 -0.715544 0.696851 3820.dat
1 14 24.000000 18.000000 63.000000 0.991483 0.048980 -0.120682 0.051229 0.705250 0.707108 0.119744 -0.707267 0.696734 3820.dat
1 15 0.000000 26.749980 18.000010 -1.000000 0.000000 0.000000 0.000000 0.000000 -1.000000 0.000000 -1.000000 0.000000 88646.dat
1 15 -0.000020 36.750000 0.000000 -1.000000 0.000000 0.000000 0.000000 1.000000 0.000000 0.000000 0.000000 -0.999999 30414.dat
1 15 -0.000010 36.750000 -19.999980 1.000000 0.000000 0.000000 0.000000 1.000000 0.000000 0.000000 0.000000 0.999999 3010.dat
1 15 -0.000020 -11.249940 0.000000 -1.000000 0.000000 0.000000 0.000000 1.000000 0.000000 0.000000 0.000000 -0.999999 2431.dat
1 15 -0.000010 28.749980 -19.999980 1.000000 0.000000 0.000000 0.000000 1.000000 0.000000 0.000000 0.000000 0.999999 3710.dat
1 15 29.999930 20.749980 -19.999980 0.000000 0.000000 -1.000000 0.000000 1.000000 0.000000 0.999999 0.000000 0.000000 2420.dat
1 15 -30.000000 20.749980 -19.999980 1.000000 0.000000 0.000000 0.000000 1.000000 0.000000 0.000000 0.000000 0.999999 2420.dat
1 15 -0.000020 20.749980 0.000000 1.000000 0.000000 0.000000 0.000000 1.000000 0.000000 0.000000 0.000000 0.999999 3023b.dat
1 15 -0.000020 28.749980 0.000000 1.000000 0.000000 0.000000 0.000000 1.000000 0.000000 0.000000 0.000000 0.999999 3710.dat
1 15 -0.000020 -3.249940 0.000000 -1.000000 0.000000 0.000000 0.000000 1.000000 0.000000 0.000000 0.000000 -0.999999 30414.dat
1 15 -0.000010 -3.249940 -19.999980 1.000000 0.000000 0.000000 0.000000 1.000000 0.000000 0.000000 0.000000 0.999999 3010.dat
1 15 -0.000010 -11.249940 -19.999980 -1.000000 0.000000 0.000000 0.000000 1.000000 0.000000 0.000000 0.000000 -0.999999 2431.dat
