0 Normalized Minifigure Y shifted -56
0 Name:  minifig.ldr
0 Author:
0 CustomBrick
0 FlexibleBrickControlPointUnitLength -1
0 FlexibleBrickLockedControlPoint
1 14 0.0 -28.0 114.0 1.0 0.0 0.0 0.0 0.0 1.0 0.0 -1.0 0.0 3626cp01.dat
1 15 0.0 -28.0 58.0 1.0 0.0 0.0 0.0 0.0 1.0 0.0 -1.0 0.0 3815.dat
1 15 0.0 -28.0 46.0 1.0 0.0 0.0 0.0 0.0 1.0 0.0 -1.0 0.0 3816.dat
1 15 0.0 -28.0 46.0 1.0 0.0 0.0 0.0 0.0 1.0 0.0 -1.0 0.0 3817.dat
1 0 0.0 -28.0 89.99998 1.0 0.0 0.0 0.0 0.0 1.0 0.0 -1.0 0.0 973.dat
1 15 16.0 -28.0 81.0 0.985329 0.170671 0.0 0.0 0.0 1.0 0.170671 -0.985328 0.0 3819.dat
1 15 -16.0 -28.0 81.0 0.985497 -0.169703 0.0 0.0 0.0 1.0 -0.169703 -0.985496 0.0 3818.dat
1 14 -24.0 -38.0 63.0 0.991567 0.048984 0.119999 -0.12 0.696851 0.707108 -0.048986 -0.715544 0.696851 3820.dat
1 14 24.0 -38.0 63.0 0.991483 0.04898 -0.120682 0.051229 0.70525 0.707108 0.119744 -0.707267 0.696734 3820.dat
1 15 0.0 -29.25002 18.00001 -1.0 0.0 0.0 0.0 0.0 -1.0 0.0 -1.0 0.0 88646.dat
1 15 0.0 -19.25 0.0 -1.0 0.0 0.0 0.0 1.0 0.0 0.0 0.0 -1.0 30414.dat
1 15 0.0 -19.25 -19.99998 1.0 0.0 0.0 0.0 1.0 0.0 0.0 0.0 1.0 3010.dat
1 15 0.0 -67.24994 0.0 -1.0 0.0 0.0 0.0 1.0 0.0 0.0 0.0 -1.0 2431.dat
1 15 0.0 -27.25002 -19.99998 1.0 0.0 0.0 0.0 1.0 0.0 0.0 0.0 1.0 3710.dat
1 15 29.99993 -35.25002 -19.99998 0.0 0.0 -1.0 0.0 1.0 0.0 1.0 0.0 0.0 2420.dat
1 15 -30.0 -35.25002 -19.99998 1.0 0.0 0.0 0.0 1.0 0.0 0.0 0.0 1.0 2420.dat
1 15 0.0 -35.25002 0.0 1.0 0.0 0.0 0.0 1.0 0.0 0.0 0.0 1.0 3023b.dat
1 15 0.0 -27.25002 0.0 1.0 0.0 0.0 0.0 1.0 0.0 0.0 0.0 1.0 3710.dat
1 15 0.0 -59.24994 0.0 -1.0 0.0 0.0 0.0 1.0 0.0 0.0 0.0 -1.0 30414.dat
1 15 0.0 -59.24994 -19.99998 1.0 0.0 0.0 0.0 1.0 0.0 0.0 0.0 1.0 3010.dat
1 15 0.0 -67.24994 -19.99998 -1.0 0.0 0.0 0.0 1.0 0.0 0.0 0.0 -1.0 2431.dat